THNSRODAN
For id Active
1|0|2|1|4|u|0|_|a|2|1|4
1|0|1|8|3|u|0|_|a|1|8|3
1|0|2|4|2|u|0|_|a|2|4|2
1|0|3|2|8|u|0|_|a|3|2|8
1|0|6|7|1|u|0|_|a|6|7|1
1|1|0|9|1|u|0|_|a|1|0|9|1
1|0|1|9|9|u|0|_|a|1|9|9
1|0|2|0|8|u|0|_|a|2|0|8
1|0|7|5|7|u|0|_|a|7|5|7
1|0|6|2|6|u|0|_|a|6|2|6
1|0|2|2|5|u|0|_|a|2|2|5
1|0|2|8|0|u|0|_|a|2|8|0
1|0|4|5|1|u|0|_|a|4|5|1
1|1|0|9|1|u|0|_|a|1|0|9|1
1|0|3|0|4|u|0|_|a|3|0|4
1|0|3|3|4|u|0|_|a|3|3|4
1|0|6|1|5|u|0|_|a|6|1|5
1|0|2|3|9|u|0|_|a|2|3|9
1|0|6|8|9|u|0|_|a|6|8|9
1|1|2|2|5|u|0|_|a|1|2|2|5
1|0|3|1|5|u|0|_|a|3|1|5
1|1|4|4|8|u|0|_|a|1|4|4|8
1|0|6|4|6|u|0|_|a|6|4|6
1|0|9|1|9|u|0|_|a|9|1|9
